$ANSIBLE_VAULT;1.1;AES256
64393739346361343138323035346334346261616533656234663562383765363437393037613163
3837316536376334336431303438396633633362393435640a356664353263393866636238333430
62386132656135353863356337656537356563383837356631656436393163613038633532333135
3032383666376161300a356237393963353166383035316461396366316535303534346363626130
35333939653263303930366566396639613435303966633037343261386336306139383965313762
65343566316131373162643065376165326566393663346664336432646631356433326332313835
39363365376437376534666534623139313935343133656439346337353566613734623133396438
34393030386139313837333063663762366439643534303932343434653161313638666339663261
38333734356466393235316666373639363230616637303533323030353161653664613735343263
33346465646139386634626233636165373464306338316535333333616135656431376661643932
32306630396666346161356361373531376137363030373530666562653165343136356430663566
38393038383230306461616438633563653162633933623132353931343534323931626466626633
61386432363237646461393537316664313437643430623631353338643332323135643165383763
36396331643630393539623263383333393264376630396339336364393931303939386263623265
62356237653930653465376262643438613761313434353138666134646633383130303863346239
61376432306565393165323438633263646637656635623536653832323364376233333234366263
34396439303765623039383562636633313232343961356162633332333632656335636138396331
61383930386461643031323163326561366461663635663563376464326666626461363937646234
39363337333061613736393931633366656566336338356566623139313836313138653433643030
37373963633833333337366336363865386365366232616534643066636661646332383663616265
39353530363662336265343166383666333662636332366238373261366431326230
